crossing time (s)	slope (V/s)	crossing number
281474976710655.000000	-20.021395	5834	0.000000
281474976710655.000000	-17.834030	5835	0.000000
281474976710655.000000	-22.453577	5836	0.000000
281474976710655.000000	-13.228208	5837	0.000000
281474976710655.000000	-23.647810	5838	0.000000
281474976710655.000000	-10.686679	5839	0.000000
281474976710655.000000	-25.585224	5840	0.000000
281474976710655.000000	-15.016724	5841	0.000000
281474976710655.000000	-20.781418	5842	0.000000
281474976710655.000000	-19.175619	5843	0.000000
281474976710655.000000	-15.363581	5844	0.000000
281474976710655.000000	-20.346817	5845	0.000000
281474976710655.000000	-23.307022	5846	0.000000
281474976710655.000000	-13.130940	5847	0.000000
281474976710655.000000	-26.448599	5848	0.000000
281474976710655.000000	-15.154978	5849	0.000000
281474976710655.000000	-21.153984	5850	0.000000
281474976710655.000000	-21.440859	5851	0.000000
281474976710655.000000	-16.629646	5852	0.000000
281474976710655.000000	-19.165758	5853	0.000000
281474976710655.000000	-26.102121	5854	0.000000
281474976710655.000000	-13.959824	5855	0.000000
281474976710655.000000	-26.735250	5856	0.000000
281474976710655.000000	-15.227880	5857	0.000000
281474976710655.000000	-23.104431	5858	0.000000
281474976710655.000000	-22.106495	5859	0.000000
281474976710655.000000	-17.520971	5860	0.000000
281474976710655.000000	-20.801197	5861	0.000000
281474976710655.000000	-20.248585	5862	0.000000
281474976710655.000000	-20.080048	5863	0.000000
281474976710655.000000	-23.505278	5864	0.000000
281474976710655.000000	-17.789303	5865	0.000000
281474976710655.000000	-28.896036	5866	0.000000
281474976710655.000000	-14.762307	5867	0.000000
281474976710655.000000	-32.582603	5868	0.000000
281474976710655.000000	-14.175643	5869	0.000000
281474976710655.000000	-26.896751	5870	0.000000
281474976710655.000000	-14.738732	5871	0.000000
281474976710655.000000	-33.554214	5872	0.000000
281474976710655.000000	-15.694159	5873	0.000000
281474976710655.000000	-28.603163	5874	0.000000
281474976710655.000000	-16.850622	5875	0.000000
281474976710655.000000	-26.436563	5876	0.000000
281474976710655.000000	-20.650953	5877	0.000000
281474976710655.000000	-23.043488	5878	0.000000
281474976710655.000000	-24.198141	5879	0.000000
281474976710655.000000	-21.698977	5880	0.000000
281474976710655.000000	-23.198154	5881	0.000000
281474976710655.000000	-21.261875	5882	0.000000
281474976710655.000000	-21.394142	5883	0.000000
281474976710655.000000	-26.725536	5884	0.000000
281474976710655.000000	-18.103796	5885	0.000000
281474976710655.000000	-33.643761	5886	0.000000
281474976710655.000000	-15.861887	5887	0.000000
281474976710655.000000	-25.390036	5888	0.000000
281474976710655.000000	-21.968855	5889	0.000000
281474976710655.000000	-24.383295	5890	0.000000
281474976710655.000000	-23.088299	5891	0.000000
281474976710655.000000	-22.215517	5892	0.000000
281474976710655.000000	-23.007168	5893	0.000000
281474976710655.000000	-31.779989	5894	0.000000
281474976710655.000000	-18.997183	5895	0.000000
281474976710655.000000	-33.244492	5896	0.000000
281474976710655.000000	-17.076155	5897	0.000000
281474976710655.000000	-32.264202	5898	0.000000
281474976710655.000000	-21.254776	5899	0.000000
281474976710655.000000	-26.626682	5900	0.000000
281474976710655.000000	-25.185936	5901	0.000000
281474976710655.000000	-23.704554	5902	0.000000
281474976710655.000000	-24.248343	5903	0.000000
281474976710655.000000	-23.769310	5904	0.000000
281474976710655.000000	-25.763937	5905	0.000000
281474976710655.000000	-22.055649	5906	0.000000
281474976710655.000000	-31.797070	5907	0.000000
281474976710655.000000	-24.505478	5908	0.000000
281474976710655.000000	-30.775314	5909	0.000000
281474976710655.000000	-25.292263	5910	0.000000
281474976710655.000000	-31.439613	5911	0.000000
281474976710655.000000	-25.781099	5912	0.000000
281474976710655.000000	-28.170227	5913	0.000000
281474976710655.000000	-26.439165	5914	0.000000
281474976710655.000000	-24.138624	5915	0.000000
281474976710655.000000	-30.652010	5916	0.000000
281474976710655.000000	-19.535780	5917	0.000000
281474976710655.000000	-46.056641	5918	0.000000
281474976710655.000000	-21.196129	5919	0.000000
281474976710655.000000	-30.035688	5920	0.000000
281474976710655.000000	-25.104671	5921	0.000000
281474976710655.000000	-29.169743	5922	0.000000
281474976710655.000000	-27.576994	5923	0.000000
281474976710655.000000	-23.980471	5924	0.000000
281474976710655.000000	-34.386169	5925	0.000000
281474976710655.000000	-26.868546	5926	0.000000
281474976710655.000000	-27.126745	5927	0.000000
281474976710655.000000	-28.194914	5928	0.000000
281474976710655.000000	-21.277409	5929	0.000000
281474976710655.000000	-43.770142	5930	0.000000
281474976710655.000000	-20.649193	5931	0.000000
281474976710655.000000	-38.229202	5932	0.000000
281474976710655.000000	-26.840240	5933	0.000000
281474976710655.000000	-38.595692	5934	0.000000
281474976710655.000000	-30.005842	5935	0.000000
281474976710655.000000	-25.781754	5936	0.000000
281474976710655.000000	-29.665974	5937	0.000000
281474976710655.000000	-25.529156	5938	0.000000
281474976710655.000000	-32.815357	5939	0.000000
281474976710655.000000	-26.628418	5940	0.000000
281474976710655.000000	-35.141064	5941	0.000000
281474976710655.000000	-29.555571	5942	0.000000
281474976710655.000000	-34.672455	5943	0.000000
281474976710655.000000	-27.591936	5944	0.000000
281474976710655.000000	-28.815712	5945	0.000000
281474976710655.000000	-28.084644	5946	0.000000
281474976710655.000000	-29.237953	5947	0.000000
281474976710655.000000	-32.702477	5948	0.000000
281474976710655.000000	-27.335165	5949	0.000000
281474976710655.000000	-47.876186	5950	0.000000
281474976710655.000000	-23.009083	5951	0.000000
281474976710655.000000	-35.463070	5952	0.000000
281474976710655.000000	-23.780191	5953	0.000000
281474976710655.000000	-42.238762	5954	0.000000
281474976710655.000000	-32.937180	5955	0.000000
281474976710655.000000	-30.780977	5956	0.000000
281474976710655.000000	-34.684696	5957	0.000000
281474976710655.000000	-28.138483	5958	0.000000
281474976710655.000000	-36.151772	5959	0.000000
281474976710655.000000	-34.263687	5960	0.000000
281474976710655.000000	-33.224468	5961	0.000000
281474976710655.000000	-28.179604	5962	0.000000
281474976710655.000000	-29.902512	5963	0.000000
281474976710655.000000	-45.873840	5964	0.000000
281474976710655.000000	-27.374430	5965	0.000000
281474976710655.000000	-35.590954	5966	0.000000
281474976710655.000000	-24.963457	5967	0.000000
281474976710655.000000	-31.431129	5968	0.000000
281474976710655.000000	-25.647451	5969	0.000000
281474976710655.000000	-34.904209	5970	0.000000
281474976710655.000000	-27.869770	5971	0.000000
281474976710655.000000	-35.448639	5972	0.000000
281474976710655.000000	-30.573946	5973	0.000000
281474976710655.000000	-34.339947	5974	0.000000
281474976710655.000000	-30.786537	5975	0.000000
281474976710655.000000	-34.429321	5976	0.000000
281474976710655.000000	-28.897882	5977	0.000000
281474976710655.000000	-41.013607	5978	0.000000
281474976710655.000000	-28.041027	5979	0.000000
281474976710655.000000	-43.727058	5980	0.000000
281474976710655.000000	-24.661722	5981	0.000000
281474976710655.000000	-46.030346	5982	0.000000
281474976710655.000000	-26.365772	5983	0.000000
281474976710655.000000	-45.206047	5984	0.000000
281474976710655.000000	-29.001495	5985	0.000000
281474976710655.000000	-39.431622	5986	0.000000
281474976710655.000000	-36.898525	5987	0.000000
281474976710655.000000	-33.187992	5988	0.000000
281474976710655.000000	-35.010727	5989	0.000000
281474976710655.000000	-39.983044	5990	0.000000
281474976710655.000000	-39.947712	5991	0.000000
281474976710655.000000	-31.164030	5992	0.000000
281474976710655.000000	-43.423038	5993	0.000000
281474976710655.000000	-35.477982	5994	0.000000
281474976710655.000000	-42.898254	5995	0.000000
281474976710655.000000	-55.516022	5996	0.000000
281474976710655.000000	-31.746065	5997	0.000000
281474976710655.000000	-37.224987	5998	0.000000
281474976710655.000000	-30.527422	5999	0.000000
281474976710655.000000	-48.898010	6000	0.000000
281474976710655.000000	-27.984346	6001	0.000000
281474976710655.000000	-36.138466	6002	0.000000
281474976710655.000000	-28.683729	6003	0.000000
281474976710655.000000	-39.168407	6004	0.000000
281474976710655.000000	-35.323387	6005	0.000000
281474976710655.000000	-33.291363	6006	0.000000
281474976710655.000000	-35.739071	6007	0.000000
281474976710655.000000	-45.062134	6008	0.000000
281474976710655.000000	-39.956814	6009	0.000000
281474976710655.000000	-48.365166	6010	0.000000
281474976710655.000000	-41.940712	6011	0.000000
281474976710655.000000	-48.856823	6012	0.000000
281474976710655.000000	-28.191200	6013	0.000000
281474976710655.000000	-46.115757	6014	0.000000
281474976710655.000000	-29.842333	6015	0.000000
281474976710655.000000	-36.886864	6016	0.000000
281474976710655.000000	-35.210491	6017	0.000000
281474976710655.000000	-49.968678	6018	0.000000
281474976710655.000000	-45.388161	6019	0.000000
281474976710655.000000	-34.877716	6020	0.000000
281474976710655.000000	-57.175983	6021	0.000000
281474976710655.000000	-50.401634	6022	0.000000
281474976710655.000000	-33.382870	6023	0.000000
281474976710655.000000	-41.171684	6024	0.000000
281474976710655.000000	-48.855522	6025	0.000000
281474976710655.000000	-33.990818	6026	0.000000
281474976710655.000000	-50.957520	6027	0.000000
281474976710655.000000	-32.516151	6028	0.000000
281474976710655.000000	-44.755680	6029	0.000000
281474976710655.000000	-58.430084	6030	0.000000
281474976710655.000000	-55.636581	6031	0.000000
281474976710655.000000	-54.010677	6032	0.000000
281474976710655.000000	-33.684361	6033	0.000000
281474976710655.000000	-39.376324	6034	0.000000
281474976710655.000000	-30.089930	6035	0.000000
281474976710655.000000	-53.358658	6036	0.000000
281474976710655.000000	-36.825779	6037	0.000000
281474976710655.000000	-54.690212	6038	0.000000
281474976710655.000000	-32.620869	6039	0.000000
281474976710655.000000	-56.149429	6040	0.000000
281474976710655.000000	-31.921286	6041	0.000000
281474976710655.000000	-70.913788	6042	0.000000
281474976710655.000000	-36.600433	6043	0.000000
281474976710655.000000	-40.366001	6044	0.000000
281474976710655.000000	-30.853483	6045	0.000000
281474976710655.000000	-72.464172	6046	0.000000
281474976710655.000000	-44.040092	6047	0.000000
281474976710655.000000	-70.835114	6048	0.000000
281474976710655.000000	-40.206711	6049	0.000000
281474976710655.000000	-41.956451	6050	0.000000
281474976710655.000000	-45.794216	6051	0.000000
281474976710655.000000	-53.647991	6052	0.000000
281474976710655.000000	-50.110405	6053	0.000000
281474976710655.000000	-39.927006	6054	0.000000
281474976710655.000000	-62.473164	6055	0.000000
281474976710655.000000	-49.238274	6056	0.000000
281474976710655.000000	-51.731026	6057	0.000000
281474976710655.000000	-50.713478	6058	0.000000
281474976710655.000000	-50.617928	6059	0.000000
281474976710655.000000	-55.065548	6060	0.000000
281474976710655.000000	-52.523262	6061	0.000000
281474976710655.000000	-40.650986	6062	0.000000
281474976710655.000000	-53.488304	6063	0.000000
281474976710655.000000	-49.684616	6064	0.000000
281474976710655.000000	-40.332287	6065	0.000000
281474976710655.000000	-48.528835	6066	0.000000
281474976710655.000000	-47.672050	6067	0.000000
281474976710655.000000	-41.062000	6068	0.000000
281474976710655.000000	-47.748768	6069	0.000000
281474976710655.000000	-60.344734	6070	0.000000
281474976710655.000000	-41.320007	6071	0.000000
281474976710655.000000	-56.700497	6072	0.000000
281474976710655.000000	-32.586166	6073	0.000000
281474976710655.000000	-57.185890	6074	0.000000
281474976710655.000000	-38.405922	6075	0.000000
281474976710655.000000	-112.409241	6076	0.000000
281474976710655.000000	-53.650051	6077	0.000000
281474976710655.000000	-63.212898	6078	0.000000
281474976710655.000000	-45.305443	6079	0.000000
281474976710655.000000	-55.872402	6080	0.000000
281474976710655.000000	-42.371769	6081	0.000000
281474976710655.000000	-43.492065	6082	0.000000
281474976710655.000000	-48.436806	6083	0.000000
281474976710655.000000	-59.414906	6084	0.000000
281474976710655.000000	-60.258549	6085	0.000000
281474976710655.000000	-58.914391	6086	0.000000
281474976710655.000000	-35.197746	6087	0.000000
281474976710655.000000	-58.850925	6088	0.000000
281474976710655.000000	-57.487141	6089	0.000000
281474976710655.000000	-90.174744	6090	0.000000
281474976710655.000000	-36.284050	6091	0.000000
281474976710655.000000	-56.274548	6092	0.000000
281474976710655.000000	-41.152946	6093	0.000000
281474976710655.000000	-55.336403	6094	0.000000
281474976710655.000000	-41.334782	6095	0.000000
281474976710655.000000	-36.444778	6096	0.000000
281474976710655.000000	-42.939503	6097	0.000000
281474976710655.000000	-39.079807	6098	0.000000
281474976710655.000000	-27.669636	6099	0.000000
281474976710655.000000	-40.550343	6100	0.000000
281474976710655.000000	-58.177387	6101	0.000000
281474976710655.000000	-44.100353	6102	0.000000
281474976710655.000000	-56.512466	6103	0.000000
281474976710655.000000	-50.965347	6104	0.000000
281474976710655.000000	-57.970695	6105	0.000000
281474976710655.000000	-53.902340	6106	0.000000
281474976710655.000000	-56.195007	6107	0.000000
281474976710655.000000	-42.677380	6108	0.000000
281474976710655.000000	-57.305069	6109	0.000000
281474976710655.000000	-54.379364	6110	0.000000
281474976710655.000000	-37.061417	6111	0.000000
281474976710655.000000	-57.473064	6112	0.000000
281474976710655.000000	-55.965038	6113	0.000000
281474976710655.000000	-44.144806	6114	0.000000
281474976710655.000000	-60.832359	6115	0.000000
281474976710655.000000	-56.961590	6116	0.000000
281474976710655.000000	-54.096767	6117	0.000000
281474976710655.000000	-59.268532	6118	0.000000
281474976710655.000000	-70.613182	6119	0.000000
281474976710655.000000	-62.247738	6120	0.000000
281474976710655.000000	-41.276779	6121	0.000000
281474976710655.000000	-91.588165	6122	0.000000
281474976710655.000000	-57.669399	6123	0.000000
281474976710655.000000	-66.268333	6124	0.000000
281474976710655.000000	-52.344490	6125	0.000000
