num crossings	time (s)	maj axis (mm)	min axis (mm)	theta (rad )	slope (V/s)
4469	4441.182962	94.501149	-11.829288	4.658885	134.736905
4473	4445.339183	96.911579	-11.948467	4.627175	134.767419
4475	4447.411538	97.430057	-11.294146	4.629233	135.573792
4477	4449.479298	96.908797	-11.118710	4.648998	136.332410
4479	4451.550337	96.788536	-11.578392	4.644037	135.909818
4481	4453.625717	94.046181	-11.115225	4.636087	139.395298
4485	4457.779508	95.137254	-11.438089	4.610182	132.901297
4487	4459.854071	95.335027	-10.841159	4.624947	137.484138
4489	4461.927521	96.675711	-11.220445	4.622196	136.565107
4491	4463.999848	96.583288	-11.015691	4.621253	135.695551
4493	4466.070992	96.300888	-10.456675	4.616873	133.392322
4497	4470.212901	96.221556	-11.021530	4.596873	130.394680
4499	4472.288949	94.077513	-10.953606	4.596114	136.641264
4501	4474.367466	94.317429	-10.493194	4.612349	128.333943
4505	4478.514005	95.762737	-12.718675	4.581884	136.502670
4507	4480.581647	94.093939	-10.729273	4.588867	130.097184
4511	4484.735098	94.493821	-9.821212	4.607416	131.829527
4513	4486.812263	95.111640	-10.406152	4.603997	137.674323
4515	4488.883477	94.673481	-10.052862	4.599549	133.354049
4517	4490.951790	92.378601	-9.684200	4.581327	139.589536
4519	4493.022479	92.439052	-10.135137	4.578102	133.786028
4523	4497.169551	93.021073	-9.644878	4.587229	132.521495
4525	4499.243310	93.893044	-11.130830	4.581960	127.914403
4527	4501.316427	92.380026	-9.785364	4.589398	128.763093
4531	4505.465035	92.704468	-9.532821	4.585124	129.722842
4533	4507.543710	91.504924	-9.316142	4.575358	127.722924
4537	4511.693729	94.230339	-8.769395	4.577817	129.293426
4539	4513.762616	94.205753	-8.874149	4.577436	128.090300
4543	4517.905047	90.607472	-9.036426	4.580778	131.435121
4545	4519.983677	91.770620	-10.277781	4.558588	127.141004
4549	4524.135877	94.463965	-9.172290	4.562321	129.693428
4551	4526.207165	92.856101	-8.159022	4.571070	126.758636
4555	4530.350573	91.792615	-8.187078	4.566372	126.476357
4557	4532.423370	92.570314	-8.184103	4.566398	126.881024
4559	4534.497232	92.626231	-8.338310	4.563800	120.747479
4563	4538.647714	91.032698	-7.847887	4.561544	120.874399
4565	4540.723708	93.083522	-8.199468	4.562921	120.257392
4569	4544.867579	92.495889	-8.570339	4.557728	123.919565
4571	4546.935991	91.295226	-7.770578	4.548140	132.426486
4573	4549.006909	91.445933	-7.858316	4.541118	129.254631
4575	4551.082215	88.607199	-7.863675	4.540562	123.302851
4577	4553.159754	89.090017	-7.330921	4.547628	122.727170
4579	4555.237240	93.273423	-7.432082	4.554423	123.203542
4583	4559.384615	88.699330	-7.409257	4.545605	127.135414
4585	4561.454972	92.326366	-8.028860	4.537644	128.224026
4589	4565.597420	91.842393	-7.418969	4.542765	122.844444
4591	4567.670175	88.315703	-6.994818	4.540487	126.314290
4595	4571.819688	91.664638	-7.164729	4.537279	127.765994
4597	4573.896285	88.806367	-7.061442	4.539752	125.117218
4599	4575.972273	88.368830	-6.864710	4.530149	124.063468
4603	4580.118535	90.005555	-6.572983	4.534102	119.975622
4605	4582.188442	90.511619	-6.468036	4.538142	122.487036
4607	4584.258168	89.617694	-6.349678	4.541141	121.003484
4609	4586.328942	84.652540	-6.813868	4.534110	123.874398
4613	4590.478816	89.324044	-6.303732	4.537161	122.609631
4615	4592.556732	88.114038	-6.212392	4.520964	118.378942
4617	4594.633412	88.564880	-5.913484	4.523488	117.677827
4619	4596.707609	89.500793	-5.774519	4.532438	117.458287
4621	4598.780418	90.858823	-6.704627	4.511503	119.472951
4625	4602.927168	89.026425	-6.775392	4.519732	119.595620
4627	4605.001250	87.594051	-5.794823	4.526068	116.738605
4629	4607.074910	88.086869	-5.584727	4.530816	117.248113
4633	4611.217727	89.800462	-5.683370	4.527996	118.123868
4635	4613.286564	86.613072	-5.672727	4.511171	119.805512
4637	4615.357094	89.022756	-5.362578	4.517936	115.796361
4639	4617.429759	87.388741	-5.258624	4.513326	117.529192
4643	4621.580037	88.954590	-5.087134	4.521117	116.748064
4645	4623.656868	87.414727	-5.065101	4.517206	117.674083
4647	4625.732491	84.188251	-5.456275	4.515598	114.669168
4651	4629.882287	85.885864	-5.066517	4.517741	121.700583
4653	4631.955471	85.588097	-4.731385	4.520853	118.365578
4657	4636.099354	87.534915	-4.877622	4.511636	115.280031
4659	4638.171527	87.090929	-5.107175	4.508378	116.588132
4661	4640.244584	84.940646	-4.668319	4.501731	115.355815
4665	4644.392799	88.812796	-5.331086	4.500473	114.848584
4667	4646.467376	86.595800	-4.257258	4.510914	114.579715
4671	4650.615417	86.129784	-4.123423	4.504622	112.982279
4673	4652.688303	87.386157	-4.068269	4.508277	114.389688
4675	4654.759731	87.733194	-4.426259	4.504164	112.937064
4677	4656.830996	83.767736	-4.579886	4.504197	109.089079
4681	4660.973118	84.777314	-4.072854	4.502302	109.137030
4683	4663.044744	83.933855	-3.935947	4.507987	113.895129
4687	4667.189733	86.215379	-3.752458	4.509119	109.803969
4689	4669.264959	83.207182	-3.878824	4.499205	110.987972
4693	4673.417766	85.892027	-3.536195	4.500460	108.507822
4695	4675.494116	84.256453	-3.531144	4.491382	110.367205
4697	4677.568871	86.001604	-4.342449	4.484523	108.761678
4699	4679.642125	84.576919	-3.479465	4.498292	109.336005
4703	4683.789019	82.748085	-3.357093	4.495519	107.985084
4705	4685.861718	83.999208	-3.094159	4.505716	107.776527
4709	4690.004541	82.686308	-3.077141	4.495388	110.667581
4711	4692.074359	83.089709	-2.943859	4.492521	111.581012
4713	4694.144738	80.756999	-2.863922	4.489650	108.114705
4715	4696.216286	81.735490	-2.990236	4.490444	109.574396
4719	4700.362928	81.012623	-2.954097	4.487214	104.151525
4721	4702.437262	82.171860	-2.615457	4.497192	103.949883
4723	4704.511940	82.111197	-2.676385	4.487733	107.998859
4725	4706.586040	83.192027	-2.557173	4.494390	105.583213
4727	4708.660548	83.028944	-2.574769	4.496046	105.608409
4729	4710.734500	82.440927	-2.519137	4.499102	101.612186
4733	4714.882883	81.199784	-2.365373	4.494500	102.819753
4735	4716.956626	83.088170	-2.209138	4.501970	101.916887
4739	4721.105266	80.942056	-2.353363	4.491847	102.286130
4741	4723.179150	79.980769	-2.253885	4.491325	101.080767
4745	4727.327055	82.586972	-2.077120	4.492220	100.823588
4747	4729.400747	82.759789	-2.006601	4.498465	98.317281
4749	4731.474440	82.096374	-2.009476	4.495627	100.919519
4751	4733.547881	81.145539	-1.877134	4.493916	100.519392
4753	4735.621349	81.416530	-1.793989	4.491574	99.733317
4755	4737.694367	81.532981	-1.890678	4.497425	100.105286
4757	4739.767290	83.164087	-1.754666	4.495444	99.813438
4759	4741.840563	79.111083	-1.577080	4.488074	100.638132
