num crossings	time (s)	maj axis (mm)	min axis (mm)	theta (rad )	slope (V/s)
4881	4869.414252	95.464147	12.147864	4.510310	137.774370
4883	4871.492324	97.089777	12.199252	4.507523	131.105998
4887	4875.643729	95.783753	13.237499	4.511350	131.480862
4889	4877.717392	95.310187	12.881151	4.521655	132.124973
4891	4879.790231	96.562236	12.135577	4.517611	130.729035
4895	4883.931522	95.842486	13.253496	4.529416	133.879933
4897	4886.001868	94.225370	13.704038	4.512610	139.071004
4899	4888.076494	94.981832	13.013051	4.526883	131.824906
4901	4890.155299	93.175197	13.275674	4.537484	125.525149
4905	4894.304133	94.734070	12.522738	4.541278	135.063509
4907	4896.370993	94.436488	13.624306	4.525941	133.773740
4909	4898.444644	92.967808	12.681990	4.526413	134.028642
4911	4900.524615	90.920282	13.228159	4.529550	134.140488
4913	4902.602071	93.429441	13.236197	4.559903	140.348457
4915	4904.672746	94.851090	12.588744	4.551245	137.138354
4917	4906.740917	93.280835	12.766335	4.542011	128.047897
4919	4908.811523	92.576683	12.577636	4.536390	133.900862
4921	4910.885304	92.960167	12.654651	4.550602	128.463901
4923	4912.959297	92.614891	12.576003	4.549306	137.257439
4925	4915.033408	91.590068	13.159162	4.553736	129.630812
4929	4919.179498	91.550613	13.051206	4.569014	137.622259
4931	4921.254197	91.380950	14.381392	4.577623	132.776858
4933	4923.331562	91.359234	12.544171	4.563853	133.738856
4935	4925.410158	93.206641	12.805146	4.568410	135.748293
4937	4927.484372	91.608933	13.650568	4.566195	132.531052
4939	4929.553240	92.363062	12.971514	4.575622	130.814200
4941	4931.621620	91.937184	12.632923	4.586821	124.687506
4943	4933.694930	91.948209	12.815383	4.594173	135.658830
4945	4935.773300	91.018435	12.631598	4.582838	136.223726
4947	4937.851820	88.701439	13.404198	4.579943	131.375287
4951	4941.996748	90.131540	13.418065	4.579524	135.245815
4953	4944.067332	89.779819	14.163307	4.590217	125.314244
4955	4946.139240	90.109609	14.275172	4.597500	131.126270
4959	4950.285482	89.618979	14.821354	4.610191	130.085314
4961	4952.359777	90.001517	13.918839	4.602236	133.189591
4963	4954.435023	89.447308	12.987961	4.600065	127.373217
4965	4956.511327	89.457412	13.349281	4.612116	127.818571
4967	4958.587801	88.696368	14.261660	4.615054	131.375345
4969	4960.662066	89.868481	13.666637	4.633440	129.518961
4971	4962.731470	89.851594	14.163297	4.626639	128.078275
4973	4964.799839	89.674247	13.747922	4.613037	129.360219
4975	4966.871330	89.159329	14.105201	4.620441	128.030570
4977	4968.946840	88.979361	13.863664	4.625305	131.337755
4979	4971.025321	87.493051	14.009309	4.626752	127.216985
4981	4973.102729	87.503358	15.877068	4.639585	125.421036
4983	4975.176856	88.550614	14.305843	4.652502	131.326883
4985	4977.247768	87.836509	14.068694	4.635057	129.715834
4989	4981.388576	88.853641	14.096629	4.655158	129.311586
4991	4983.460932	87.878104	14.863820	4.638304	127.551834
4993	4985.534481	86.834960	14.171745	4.636013	130.725824
4995	4987.608817	86.913611	14.862725	4.666234	131.846148
4999	4991.761140	87.901155	14.506960	4.663411	127.018919
5001	4993.837544	87.318038	14.774177	4.659250	120.157284
5003	4995.911714	86.260526	14.891000	4.658544	120.803017
5005	4997.982348	86.988835	14.241676	4.661568	122.015081
5007	5000.051842	87.261751	14.264303	4.660270	128.990907
5009	5002.121848	86.819312	14.401688	-1.614375	128.668355
5011	5004.193800	86.239693	14.159588	-1.602087	126.331388
5013	5006.269353	86.045733	14.701007	-1.608010	124.316886
5015	5008.346964	85.537651	14.609480	-1.614630	127.040351
5019	5012.499350	86.084153	14.674393	-1.604074	120.515221
5021	5014.572266	85.573972	15.435117	-1.597880	124.601750
5023	5016.645378	85.939435	14.476701	-1.600194	122.143415
5025	5018.718097	85.625252	14.546599	-1.595058	126.328418
5027	5020.792668	85.625433	14.386304	-1.594376	122.663596
5029	5022.866809	85.427251	14.639615	-1.586625	127.405773
5031	5024.940036	85.274801	14.956950	-1.580916	129.187380
5033	5027.010979	85.027271	15.260356	-1.586908	126.525230
5037	5031.149666	84.712041	14.640852	-1.592497	119.075230
5039	5033.221939	84.524280	15.908183	-1.582503	125.195735
5041	5035.296785	84.509320	15.180513	-1.577818	124.356912
5043	5037.372568	84.311546	15.163616	-1.573543	122.718141
5045	5039.449526	83.812908	15.213215	-1.564349	119.351260
5047	5041.525879	84.258986	15.558321	-1.568786	122.098786
5049	5043.600672	83.721004	15.807914	-1.560291	121.128772
5053	5047.745849	83.907776	16.066120	-1.552216	125.257452
5055	5049.816873	84.061499	15.685761	-1.561856	120.645740
5057	5051.888944	83.778535	15.083972	-1.557826	120.126710
5061	5056.034677	83.011831	16.077670	-1.540617	119.749526
5063	5058.108798	82.621339	16.242661	-1.531399	127.510182
5065	5060.184007	83.100423	15.768501	-1.553901	119.622260
5067	5062.259578	83.369852	16.056787	-1.535226	117.467060
5071	5066.408026	83.231761	15.774950	-1.533103	119.233514
5073	5068.479775	83.323411	15.542156	-1.538166	118.655818
5075	5070.551295	82.901860	15.901734	-1.523769	116.160903
5077	5072.621846	82.256812	15.286981	-1.533613	118.108635
5081	5076.763849	82.903779	15.879866	-1.517731	118.041876
5083	5078.836193	81.580433	15.902290	-1.512043	120.568735
5085	5080.909920	82.607264	15.804607	-1.518285	116.606383
5087	5082.985794	82.366822	15.834946	-1.510979	117.036685
5089	5085.062373	82.031786	16.769754	-1.502066	117.365737
5093	5089.214181	81.289190	16.115215	-1.511247	123.487281
5095	5091.288301	81.342604	17.109133	-1.496791	118.981858
5097	5093.361911	81.361224	16.132178	-1.497337	117.069498
5099	5095.435064	81.854821	16.469882	-1.492527	117.344272
5101	5097.508124	81.470762	16.417606	-1.489932	115.574378
5103	5099.579891	81.824297	16.845893	-1.490176	118.198367
5105	5101.650188	81.011602	17.289471	-1.496267	117.025584
5107	5103.719882	81.039765	16.232556	-1.475475	114.635487
5111	5107.862582	80.722007	16.463714	-1.480264	116.065870
5113	5109.936038	80.275183	16.395453	-1.485499	114.102552
5115	5112.010413	80.424670	16.262352	-1.476705	113.135123
5117	5114.085411	80.971027	16.885522	-1.474598	111.052703
5121	5118.235391	79.733687	16.809105	-1.469023	108.699096
5123	5120.310550	80.090823	16.505272	-1.460325	109.615792
5125	5122.385242	80.592119	16.688801	-1.457699	110.586121
5127	5124.459388	80.018220	16.632146	-1.453822	109.000940
5129	5126.534328	80.217227	17.320802	-1.452047	110.361422
5131	5128.608317	78.843480	17.969167	-1.446703	109.564073
5133	5130.681699	79.525932	17.216035	-1.448340	111.895667
5135	5132.754770	78.274681	16.824255	-1.424715	109.951405
5137	5134.827547	79.073441	17.734093	-1.441782	110.169638
5139	5136.899910	79.345068	17.688173	-1.439952	113.942472
5143	5141.045435	78.404143	17.423654	-1.430290	111.038951
5145	5143.118600	78.756031	17.230581	-1.437231	112.686957
5147	5145.192135	78.767981	18.325946	-1.422231	112.453991
5149	5147.266035	78.528069	17.546429	-1.422594	110.592166
5151	5149.340096	78.549994	17.498778	-1.424543	111.786785
5153	5151.413781	78.327148	18.033224	-1.421438	108.198342
5155	5153.487416	77.941809	18.364411	-1.412523	106.784698
5159	5157.633915	77.164454	17.657999	-1.410091	107.415884
5161	5159.706673	76.668083	18.305735	-1.406543	104.419547
5163	5161.779499	77.676097	17.516807	-1.407355	100.522351
5165	5163.851711	77.827771	17.870789	-1.394640	102.604094
5169	5167.996616	77.442706	17.930449	-1.390089	100.406819
5171	5170.068897	77.026518	17.938068	-1.396593	101.188460
5173	5172.141308	76.949950	18.107059	-1.385857	101.111360
