crossing time (s)	slope (V/s)	crossing number
281474976710655.000000	-12.833696	5429	0.000000
281474976710655.000000	-21.253859	5430	0.000000
281474976710655.000000	-18.281139	5431	0.000000
281474976710655.000000	-18.025314	5432	0.000000
281474976710655.000000	-19.973473	5433	0.000000
281474976710655.000000	-15.571815	5434	0.000000
281474976710655.000000	-21.258280	5435	0.000000
281474976710655.000000	-17.323679	5436	0.000000
281474976710655.000000	-20.633825	5437	0.000000
281474976710655.000000	-18.331570	5438	0.000000
281474976710655.000000	-22.027864	5439	0.000000
281474976710655.000000	-17.458645	5440	0.000000
281474976710655.000000	-19.777744	5441	0.000000
281474976710655.000000	-16.991825	5442	0.000000
281474976710655.000000	-19.821411	5443	0.000000
281474976710655.000000	-16.888206	5444	0.000000
281474976710655.000000	-21.791538	5445	0.000000
281474976710655.000000	-17.763693	5446	0.000000
281474976710655.000000	-22.027561	5447	0.000000
281474976710655.000000	-19.257536	5448	0.000000
281474976710655.000000	-19.161060	5449	0.000000
281474976710655.000000	-24.228981	5450	0.000000
281474976710655.000000	-15.031007	5451	0.000000
281474976710655.000000	-24.506590	5452	0.000000
281474976710655.000000	-15.169041	5453	0.000000
281474976710655.000000	-24.846769	5454	0.000000
281474976710655.000000	-20.057228	5455	0.000000
281474976710655.000000	-21.070637	5456	0.000000
281474976710655.000000	-20.869286	5457	0.000000
281474976710655.000000	-19.289598	5458	0.000000
281474976710655.000000	-20.470463	5459	0.000000
281474976710655.000000	-21.994101	5460	0.000000
281474976710655.000000	-18.416574	5461	0.000000
281474976710655.000000	-28.062569	5462	0.000000
281474976710655.000000	-15.181911	5463	0.000000
281474976710655.000000	-30.244883	5464	0.000000
281474976710655.000000	-15.861969	5465	0.000000
281474976710655.000000	-28.036497	5466	0.000000
281474976710655.000000	-19.537813	5467	0.000000
281474976710655.000000	-25.511625	5468	0.000000
281474976710655.000000	-22.922390	5469	0.000000
281474976710655.000000	-21.162477	5470	0.000000
281474976710655.000000	-23.407692	5471	0.000000
281474976710655.000000	-20.140415	5472	0.000000
281474976710655.000000	-24.205788	5473	0.000000
281474976710655.000000	-19.654442	5474	0.000000
281474976710655.000000	-22.569345	5475	0.000000
281474976710655.000000	-20.161694	5476	0.000000
281474976710655.000000	-24.311464	5477	0.000000
281474976710655.000000	-20.518723	5478	0.000000
281474976710655.000000	-22.962259	5479	0.000000
281474976710655.000000	-20.329483	5480	0.000000
281474976710655.000000	-23.409910	5481	0.000000
281474976710655.000000	-23.366476	5482	0.000000
281474976710655.000000	-22.907175	5483	0.000000
281474976710655.000000	-25.441631	5484	0.000000
281474976710655.000000	-20.031540	5485	0.000000
281474976710655.000000	-29.183178	5486	0.000000
281474976710655.000000	-17.884708	5487	0.000000
281474976710655.000000	-29.968864	5488	0.000000
281474976710655.000000	-17.740120	5489	0.000000
281474976710655.000000	-32.611591	5490	0.000000
281474976710655.000000	-21.322422	5491	0.000000
281474976710655.000000	-26.699686	5492	0.000000
281474976710655.000000	-30.326712	5493	0.000000
281474976710655.000000	-21.660686	5494	0.000000
281474976710655.000000	-25.122713	5495	0.000000
281474976710655.000000	-24.809919	5496	0.000000
281474976710655.000000	-23.401258	5497	0.000000
281474976710655.000000	-26.818821	5498	0.000000
281474976710655.000000	-19.656343	5499	0.000000
281474976710655.000000	-29.755741	5500	0.000000
281474976710655.000000	-18.608641	5501	0.000000
281474976710655.000000	-30.673538	5502	0.000000
281474976710655.000000	-19.203407	5503	0.000000
281474976710655.000000	-32.134125	5504	0.000000
281474976710655.000000	-23.856049	5505	0.000000
281474976710655.000000	-30.950550	5506	0.000000
281474976710655.000000	-23.456829	5507	0.000000
281474976710655.000000	-27.123386	5508	0.000000
281474976710655.000000	-25.604267	5509	0.000000
281474976710655.000000	-25.451937	5510	0.000000
281474976710655.000000	-25.329014	5511	0.000000
281474976710655.000000	-27.123522	5512	0.000000
281474976710655.000000	-30.660959	5513	0.000000
281474976710655.000000	-25.293684	5514	0.000000
281474976710655.000000	-26.636694	5515	0.000000
281474976710655.000000	-27.021429	5516	0.000000
281474976710655.000000	-24.409269	5517	0.000000
281474976710655.000000	-35.198837	5518	0.000000
281474976710655.000000	-21.637550	5519	0.000000
281474976710655.000000	-35.884785	5520	0.000000
281474976710655.000000	-22.143568	5521	0.000000
281474976710655.000000	-41.431610	5522	0.000000
281474976710655.000000	-25.573088	5523	0.000000
281474976710655.000000	-33.771015	5524	0.000000
281474976710655.000000	-25.842201	5525	0.000000
281474976710655.000000	-27.187719	5526	0.000000
281474976710655.000000	-29.706760	5527	0.000000
281474976710655.000000	-27.886478	5528	0.000000
281474976710655.000000	-31.864100	5529	0.000000
281474976710655.000000	-26.556095	5530	0.000000
281474976710655.000000	-30.751360	5531	0.000000
281474976710655.000000	-35.208843	5532	0.000000
281474976710655.000000	-27.599092	5533	0.000000
281474976710655.000000	-32.326218	5534	0.000000
281474976710655.000000	-25.956316	5535	0.000000
281474976710655.000000	-31.231869	5536	0.000000
281474976710655.000000	-23.698547	5537	0.000000
281474976710655.000000	-32.077084	5538	0.000000
281474976710655.000000	-24.001226	5539	0.000000
281474976710655.000000	-40.065308	5540	0.000000
281474976710655.000000	-23.756327	5541	0.000000
281474976710655.000000	-41.191185	5542	0.000000
281474976710655.000000	-29.615728	5543	0.000000
281474976710655.000000	-47.984802	5544	0.000000
281474976710655.000000	-28.860943	5545	0.000000
281474976710655.000000	-31.702522	5546	0.000000
281474976710655.000000	-25.982038	5547	0.000000
281474976710655.000000	-35.836723	5548	0.000000
281474976710655.000000	-26.154116	5549	0.000000
281474976710655.000000	-53.212570	5550	0.000000
281474976710655.000000	-26.611071	5551	0.000000
281474976710655.000000	-41.258766	5552	0.000000
281474976710655.000000	-32.045029	5553	0.000000
281474976710655.000000	-38.293346	5554	0.000000
281474976710655.000000	-27.401804	5555	0.000000
281474976710655.000000	-34.812183	5556	0.000000
281474976710655.000000	-34.228848	5557	0.000000
281474976710655.000000	-33.232414	5558	0.000000
281474976710655.000000	-32.104408	5559	0.000000
281474976710655.000000	-31.933168	5560	0.000000
281474976710655.000000	-39.915039	5561	0.000000
281474976710655.000000	-28.647305	5562	0.000000
281474976710655.000000	-33.589191	5563	0.000000
281474976710655.000000	-47.285286	5564	0.000000
281474976710655.000000	-28.389080	5565	0.000000
281474976710655.000000	-50.762932	5566	0.000000
281474976710655.000000	-27.391611	5567	0.000000
281474976710655.000000	-51.720612	5568	0.000000
281474976710655.000000	-27.537306	5569	0.000000
281474976710655.000000	-37.621880	5570	0.000000
281474976710655.000000	-35.468742	5571	0.000000
281474976710655.000000	-38.104359	5572	0.000000
281474976710655.000000	-30.643923	5573	0.000000
281474976710655.000000	-37.357414	5574	0.000000
281474976710655.000000	-30.391525	5575	0.000000
281474976710655.000000	-42.629765	5576	0.000000
281474976710655.000000	-33.364029	5577	0.000000
281474976710655.000000	-43.104221	5578	0.000000
281474976710655.000000	-29.463764	5579	0.000000
281474976710655.000000	-40.909435	5580	0.000000
281474976710655.000000	-43.054401	5581	0.000000
281474976710655.000000	-46.604252	5582	0.000000
281474976710655.000000	-37.031513	5583	0.000000
281474976710655.000000	-48.928574	5584	0.000000
281474976710655.000000	-32.299557	5585	0.000000
281474976710655.000000	-58.988708	5586	0.000000
281474976710655.000000	-34.068920	5587	0.000000
281474976710655.000000	-51.458538	5588	0.000000
281474976710655.000000	-31.242199	5589	0.000000
281474976710655.000000	-48.045116	5590	0.000000
281474976710655.000000	-31.365088	5591	0.000000
281474976710655.000000	-39.924561	5592	0.000000
281474976710655.000000	-45.353172	5593	0.000000
281474976710655.000000	-39.867393	5594	0.000000
281474976710655.000000	-38.771496	5595	0.000000
281474976710655.000000	-41.087872	5596	0.000000
281474976710655.000000	-45.876549	5597	0.000000
281474976710655.000000	-48.701611	5598	0.000000
281474976710655.000000	-50.336124	5599	0.000000
281474976710655.000000	-45.841244	5600	0.000000
281474976710655.000000	-46.176147	5601	0.000000
281474976710655.000000	-39.663254	5602	0.000000
281474976710655.000000	-56.056686	5603	0.000000
281474976710655.000000	-39.240974	5604	0.000000
281474976710655.000000	-49.839622	5605	0.000000
281474976710655.000000	-45.342800	5606	0.000000
281474976710655.000000	-39.560978	5607	0.000000
281474976710655.000000	-47.343266	5608	0.000000
281474976710655.000000	-45.452717	5609	0.000000
281474976710655.000000	-65.279564	5610	0.000000
281474976710655.000000	-29.549358	5611	0.000000
281474976710655.000000	-58.045921	5612	0.000000
281474976710655.000000	-40.176533	5613	0.000000
281474976710655.000000	-47.470257	5614	0.000000
281474976710655.000000	-40.547089	5615	0.000000
281474976710655.000000	-49.563148	5616	0.000000
281474976710655.000000	-45.585320	5617	0.000000
281474976710655.000000	-65.673668	5618	0.000000
281474976710655.000000	-32.993149	5619	0.000000
281474976710655.000000	-51.228283	5620	0.000000
281474976710655.000000	-44.373318	5621	0.000000
281474976710655.000000	-40.626148	5622	0.000000
281474976710655.000000	-33.322727	5623	0.000000
281474976710655.000000	-47.519444	5624	0.000000
281474976710655.000000	-45.886444	5625	0.000000
281474976710655.000000	-47.402477	5626	0.000000
281474976710655.000000	-44.900570	5627	0.000000
281474976710655.000000	-43.706635	5628	0.000000
281474976710655.000000	-63.991978	5629	0.000000
281474976710655.000000	-43.213722	5630	0.000000
281474976710655.000000	-65.044518	5631	0.000000
281474976710655.000000	-41.450405	5632	0.000000
281474976710655.000000	-46.471237	5633	0.000000
281474976710655.000000	-45.645733	5634	0.000000
281474976710655.000000	-49.948063	5635	0.000000
281474976710655.000000	-45.077187	5636	0.000000
281474976710655.000000	-46.730671	5637	0.000000
281474976710655.000000	-57.119328	5638	0.000000
281474976710655.000000	-33.769966	5639	0.000000
281474976710655.000000	-54.836147	5640	0.000000
281474976710655.000000	-49.936283	5641	0.000000
281474976710655.000000	-43.754303	5642	0.000000
281474976710655.000000	-37.630604	5643	0.000000
281474976710655.000000	-39.266922	5644	0.000000
281474976710655.000000	-36.291187	5645	0.000000
281474976710655.000000	-52.742123	5646	0.000000
281474976710655.000000	-36.575638	5647	0.000000
281474976710655.000000	-55.470512	5648	0.000000
281474976710655.000000	-38.696037	5649	0.000000
281474976710655.000000	-53.098267	5650	0.000000
281474976710655.000000	-36.070469	5651	0.000000
281474976710655.000000	-41.691040	5652	0.000000
281474976710655.000000	-39.645428	5653	0.000000
281474976710655.000000	-44.650894	5654	0.000000
281474976710655.000000	-34.221008	5655	0.000000
281474976710655.000000	-55.142681	5656	0.000000
281474976710655.000000	-40.401222	5657	0.000000
281474976710655.000000	-59.445869	5658	0.000000
281474976710655.000000	-39.926899	5659	0.000000
281474976710655.000000	-55.814323	5660	0.000000
281474976710655.000000	-54.644886	5661	0.000000
281474976710655.000000	-51.128857	5662	0.000000
281474976710655.000000	-51.503742	5663	0.000000
281474976710655.000000	-42.054810	5664	0.000000
281474976710655.000000	-51.293781	5665	0.000000
281474976710655.000000	-50.707508	5666	0.000000
281474976710655.000000	-38.748611	5667	0.000000
281474976710655.000000	-42.099117	5668	0.000000
281474976710655.000000	-35.327999	5669	0.000000
281474976710655.000000	-73.985008	5670	0.000000
281474976710655.000000	-36.686333	5671	0.000000
281474976710655.000000	-54.730976	5672	0.000000
281474976710655.000000	-45.346603	5673	0.000000
281474976710655.000000	-54.108479	5674	0.000000
281474976710655.000000	-35.833595	5675	0.000000
281474976710655.000000	-72.828766	5676	0.000000
281474976710655.000000	-47.846909	5677	0.000000
281474976710655.000000	-41.580856	5678	0.000000
281474976710655.000000	-50.984848	5679	0.000000
281474976710655.000000	-45.908890	5680	0.000000
281474976710655.000000	-49.496864	5681	0.000000
281474976710655.000000	-50.238636	5682	0.000000
281474976710655.000000	-52.538704	5683	0.000000
281474976710655.000000	-67.831741	5684	0.000000
281474976710655.000000	-79.126526	5685	0.000000
281474976710655.000000	-54.226940	5686	0.000000
281474976710655.000000	-54.170105	5687	0.000000
281474976710655.000000	-41.954700	5688	0.000000
281474976710655.000000	-52.455921	5689	0.000000
281474976710655.000000	-49.731243	5690	0.000000
281474976710655.000000	-55.564049	5691	0.000000
281474976710655.000000	-39.546761	5692	0.000000
281474976710655.000000	-52.181934	5693	0.000000
281474976710655.000000	-40.689854	5694	0.000000
281474976710655.000000	-56.084076	5695	0.000000
281474976710655.000000	-53.031925	5696	0.000000
281474976710655.000000	-39.772255	5697	0.000000
281474976710655.000000	-52.169399	5698	0.000000
281474976710655.000000	-54.811768	5699	0.000000
281474976710655.000000	-70.570244	5700	0.000000
281474976710655.000000	-45.226601	5701	0.000000
281474976710655.000000	-56.356934	5702	0.000000
281474976710655.000000	-59.240036	5703	0.000000
281474976710655.000000	-54.719444	5704	0.000000
281474976710655.000000	-49.930202	5705	0.000000
281474976710655.000000	-113.967888	5706	0.000000
281474976710655.000000	-66.095177	5707	0.000000
281474976710655.000000	-44.295425	5708	0.000000
281474976710655.000000	-48.329876	5709	0.000000
281474976710655.000000	-86.602913	5710	0.000000
281474976710655.000000	-50.025105	5711	0.000000
281474976710655.000000	-55.366043	5712	0.000000
281474976710655.000000	-77.318375	5713	0.000000
281474976710655.000000	-36.622131	5714	0.000000
281474976710655.000000	-44.208073	5715	0.000000
281474976710655.000000	-36.255623	5716	0.000000
281474976710655.000000	-81.302483	5717	0.000000
281474976710655.000000	-49.843994	5718	0.000000
281474976710655.000000	-55.952435	5719	0.000000
281474976710655.000000	-51.280247	5720	0.000000
