crossing time (s)	slope (V/s)	crossing number
281474976710655.000000	-90.989510	563	0.000000
281474976710655.000000	-64.918854	564	0.000000
281474976710655.000000	-59.221588	565	0.000000
281474976710655.000000	-57.213032	566	0.000000
281474976710655.000000	-57.175961	567	0.000000
281474976710655.000000	-47.462822	568	0.000000
281474976710655.000000	-55.591183	569	0.000000
281474976710655.000000	-59.011578	570	0.000000
281474976710655.000000	-44.703953	571	0.000000
281474976710655.000000	-58.557781	572	0.000000
281474976710655.000000	-44.452808	573	0.000000
281474976710655.000000	-43.802334	574	0.000000
281474976710655.000000	-57.715427	575	0.000000
281474976710655.000000	-55.903790	576	0.000000
281474976710655.000000	-57.970997	577	0.000000
281474976710655.000000	-47.475010	578	0.000000
281474976710655.000000	-55.037109	579	0.000000
281474976710655.000000	-56.914345	580	0.000000
281474976710655.000000	-37.866718	581	0.000000
281474976710655.000000	-58.096588	582	0.000000
281474976710655.000000	-44.014168	583	0.000000
281474976710655.000000	-39.249573	584	0.000000
281474976710655.000000	-56.197098	585	0.000000
281474976710655.000000	-54.316662	586	0.000000
281474976710655.000000	-56.541447	587	0.000000
281474976710655.000000	-46.937263	588	0.000000
281474976710655.000000	-55.738369	589	0.000000
281474976710655.000000	-55.286934	590	0.000000
281474976710655.000000	-55.724377	591	0.000000
281474976710655.000000	-54.734760	592	0.000000
281474976710655.000000	-54.355114	593	0.000000
281474976710655.000000	-38.163780	594	0.000000
281474976710655.000000	-59.412025	595	0.000000
281474976710655.000000	-56.177315	596	0.000000
281474976710655.000000	-46.584568	597	0.000000
281474976710655.000000	-55.262047	598	0.000000
281474976710655.000000	-60.305466	599	0.000000
281474976710655.000000	-110.883713	600	0.000000
281474976710655.000000	-58.663734	601	0.000000
281474976710655.000000	-53.581402	602	0.000000
281474976710655.000000	-46.316879	603	0.000000
281474976710655.000000	-42.102669	604	0.000000
281474976710655.000000	-53.802197	605	0.000000
281474976710655.000000	-42.004791	606	0.000000
281474976710655.000000	-53.664787	607	0.000000
281474976710655.000000	-57.522598	608	0.000000
281474976710655.000000	-43.013210	609	0.000000
281474976710655.000000	-57.885513	610	0.000000
281474976710655.000000	-54.151520	611	0.000000
281474976710655.000000	-53.830750	612	0.000000
281474976710655.000000	-54.206024	613	0.000000
281474976710655.000000	-57.172199	614	0.000000
281474976710655.000000	-83.436501	615	0.000000
281474976710655.000000	-53.722778	616	0.000000
281474976710655.000000	-41.589474	617	0.000000
281474976710655.000000	-72.786217	618	0.000000
281474976710655.000000	-44.813553	619	0.000000
281474976710655.000000	-57.929390	620	0.000000
281474976710655.000000	-57.990623	621	0.000000
281474976710655.000000	-53.151878	622	0.000000
281474976710655.000000	-71.781738	623	0.000000
281474976710655.000000	-81.807266	624	0.000000
281474976710655.000000	-37.449852	625	0.000000
281474976710655.000000	-70.329857	626	0.000000
281474976710655.000000	-70.120956	627	0.000000
281474976710655.000000	-54.257317	628	0.000000
281474976710655.000000	-41.378582	629	0.000000
281474976710655.000000	-53.077297	630	0.000000
281474976710655.000000	-44.494804	631	0.000000
281474976710655.000000	-52.065258	632	0.000000
281474976710655.000000	-57.569386	633	0.000000
281474976710655.000000	-51.928761	634	0.000000
281474976710655.000000	-52.529884	635	0.000000
281474976710655.000000	-70.705711	636	0.000000
281474976710655.000000	-50.861706	637	0.000000
281474976710655.000000	-44.886562	638	0.000000
281474976710655.000000	-49.531380	639	0.000000
281474976710655.000000	-69.973289	640	0.000000
281474976710655.000000	-51.827469	641	0.000000
281474976710655.000000	-52.912933	642	0.000000
281474976710655.000000	-52.117001	643	0.000000
281474976710655.000000	-51.479076	644	0.000000
281474976710655.000000	-49.512440	645	0.000000
281474976710655.000000	-51.397072	646	0.000000
281474976710655.000000	-51.230080	647	0.000000
281474976710655.000000	-43.629871	648	0.000000
281474976710655.000000	-68.325623	649	0.000000
281474976710655.000000	-68.109497	650	0.000000
281474976710655.000000	-42.345745	651	0.000000
281474976710655.000000	-39.740955	652	0.000000
281474976710655.000000	-49.201626	653	0.000000
281474976710655.000000	-39.759270	654	0.000000
281474976710655.000000	-56.655369	655	0.000000
281474976710655.000000	-55.306507	656	0.000000
281474976710655.000000	-50.860729	657	0.000000
281474976710655.000000	-38.993992	658	0.000000
281474976710655.000000	-39.041729	659	0.000000
281474976710655.000000	-49.649895	660	0.000000
281474976710655.000000	-50.535900	661	0.000000
281474976710655.000000	-49.719044	662	0.000000
281474976710655.000000	-39.881145	663	0.000000
281474976710655.000000	-39.400875	664	0.000000
281474976710655.000000	-49.660347	665	0.000000
281474976710655.000000	-49.546909	666	0.000000
281474976710655.000000	-38.806679	667	0.000000
281474976710655.000000	-34.729053	668	0.000000
281474976710655.000000	-50.813068	669	0.000000
281474976710655.000000	-39.358719	670	0.000000
281474976710655.000000	-43.473457	671	0.000000
281474976710655.000000	-33.103691	672	0.000000
281474976710655.000000	-50.736061	673	0.000000
281474976710655.000000	-55.026642	674	0.000000
281474976710655.000000	-38.328194	675	0.000000
281474976710655.000000	-45.360142	676	0.000000
281474976710655.000000	-49.443718	677	0.000000
281474976710655.000000	-49.326424	678	0.000000
281474976710655.000000	-38.554405	679	0.000000
281474976710655.000000	-53.189762	680	0.000000
281474976710655.000000	-48.807575	681	0.000000
281474976710655.000000	-42.841923	682	0.000000
281474976710655.000000	-49.999245	683	0.000000
281474976710655.000000	-40.639702	684	0.000000
281474976710655.000000	-66.963196	685	0.000000
281474976710655.000000	-48.703575	686	0.000000
281474976710655.000000	-39.333122	687	0.000000
281474976710655.000000	-53.785229	688	0.000000
281474976710655.000000	-38.661560	689	0.000000
281474976710655.000000	-47.280560	690	0.000000
281474976710655.000000	-72.883141	691	0.000000
281474976710655.000000	-66.592659	692	0.000000
281474976710655.000000	-63.107132	693	0.000000
281474976710655.000000	-37.536179	694	0.000000
281474976710655.000000	-72.464584	695	0.000000
281474976710655.000000	-52.817722	696	0.000000
281474976710655.000000	-48.652859	697	0.000000
281474976710655.000000	-48.925762	698	0.000000
281474976710655.000000	-48.264069	699	0.000000
281474976710655.000000	-40.006073	700	0.000000
281474976710655.000000	-52.849834	701	0.000000
281474976710655.000000	-52.550903	702	0.000000
281474976710655.000000	-51.139565	703	0.000000
281474976710655.000000	-47.401062	704	0.000000
281474976710655.000000	-44.939816	705	0.000000
281474976710655.000000	-47.668404	706	0.000000
281474976710655.000000	-41.566338	707	0.000000
281474976710655.000000	-46.817657	708	0.000000
281474976710655.000000	-47.607380	709	0.000000
281474976710655.000000	-37.062439	710	0.000000
281474976710655.000000	-35.356529	711	0.000000
281474976710655.000000	-47.183308	712	0.000000
281474976710655.000000	-37.433052	713	0.000000
281474976710655.000000	-61.358253	714	0.000000
281474976710655.000000	-36.511124	715	0.000000
281474976710655.000000	-51.502544	716	0.000000
281474976710655.000000	-47.279079	717	0.000000
281474976710655.000000	-45.718079	718	0.000000
281474976710655.000000	-39.299713	719	0.000000
281474976710655.000000	-43.623402	720	0.000000
281474976710655.000000	-59.141087	721	0.000000
281474976710655.000000	-63.051311	722	0.000000
281474976710655.000000	-34.622723	723	0.000000
281474976710655.000000	-49.667526	724	0.000000
281474976710655.000000	-45.264893	725	0.000000
281474976710655.000000	-37.537518	726	0.000000
281474976710655.000000	-39.706467	727	0.000000
281474976710655.000000	-35.625729	728	0.000000
281474976710655.000000	-46.293724	729	0.000000
281474976710655.000000	-45.993408	730	0.000000
281474976710655.000000	-45.288368	731	0.000000
281474976710655.000000	-46.337902	732	0.000000
281474976710655.000000	-35.689022	733	0.000000
281474976710655.000000	-46.773899	734	0.000000
281474976710655.000000	-61.380783	735	0.000000
281474976710655.000000	-44.854752	736	0.000000
281474976710655.000000	-58.614086	737	0.000000
281474976710655.000000	-60.353432	738	0.000000
281474976710655.000000	-45.071159	739	0.000000
281474976710655.000000	-59.357056	740	0.000000
281474976710655.000000	-45.567261	741	0.000000
281474976710655.000000	-37.987526	742	0.000000
281474976710655.000000	-38.517673	743	0.000000
281474976710655.000000	-48.885151	744	0.000000
281474976710655.000000	-49.034538	745	0.000000
281474976710655.000000	-48.908653	746	0.000000
281474976710655.000000	-44.396545	747	0.000000
281474976710655.000000	-40.173828	748	0.000000
281474976710655.000000	-44.246197	749	0.000000
281474976710655.000000	-68.197372	750	0.000000
281474976710655.000000	-37.757839	751	0.000000
281474976710655.000000	-44.871532	752	0.000000
281474976710655.000000	-36.862473	753	0.000000
281474976710655.000000	-43.885494	754	0.000000
281474976710655.000000	-37.029350	755	0.000000
281474976710655.000000	-43.109177	756	0.000000
281474976710655.000000	-45.165604	757	0.000000
281474976710655.000000	-38.361820	758	0.000000
281474976710655.000000	-42.178692	759	0.000000
281474976710655.000000	-56.327263	760	0.000000
281474976710655.000000	-47.945461	761	0.000000
281474976710655.000000	-40.168629	762	0.000000
281474976710655.000000	-51.940990	763	0.000000
281474976710655.000000	-44.466877	764	0.000000
281474976710655.000000	-44.089207	765	0.000000
281474976710655.000000	-38.702324	766	0.000000
281474976710655.000000	-41.310638	767	0.000000
281474976710655.000000	-37.816841	768	0.000000
281474976710655.000000	-40.275543	769	0.000000
281474976710655.000000	-34.150272	770	0.000000
281474976710655.000000	-34.185184	771	0.000000
281474976710655.000000	-48.568977	772	0.000000
281474976710655.000000	-44.774796	773	0.000000
281474976710655.000000	-56.035877	774	0.000000
281474976710655.000000	-41.624763	775	0.000000
281474976710655.000000	-53.016716	776	0.000000
281474976710655.000000	-33.708561	777	0.000000
281474976710655.000000	-36.803722	778	0.000000
281474976710655.000000	-43.631981	779	0.000000
281474976710655.000000	-37.028522	780	0.000000
281474976710655.000000	-42.094383	781	0.000000
281474976710655.000000	-36.571762	782	0.000000
281474976710655.000000	-33.996410	783	0.000000
281474976710655.000000	-47.350044	784	0.000000
281474976710655.000000	-45.099789	785	0.000000
281474976710655.000000	-32.627224	786	0.000000
281474976710655.000000	-43.816040	787	0.000000
281474976710655.000000	-42.763363	788	0.000000
281474976710655.000000	-36.591000	789	0.000000
281474976710655.000000	-55.018738	790	0.000000
281474976710655.000000	-40.919937	791	0.000000
281474976710655.000000	-47.907055	792	0.000000
281474976710655.000000	-36.561417	793	0.000000
281474976710655.000000	-34.496510	794	0.000000
281474976710655.000000	-54.265324	795	0.000000
281474976710655.000000	-52.391502	796	0.000000
281474976710655.000000	-50.245281	797	0.000000
281474976710655.000000	-42.374622	798	0.000000
281474976710655.000000	-41.960937	799	0.000000
281474976710655.000000	-50.322891	800	0.000000
281474976710655.000000	-41.094994	801	0.000000
281474976710655.000000	-54.250984	802	0.000000
281474976710655.000000	-38.661453	803	0.000000
281474976710655.000000	-41.149860	804	0.000000
281474976710655.000000	-49.290623	805	0.000000
281474976710655.000000	-40.410732	806	0.000000
281474976710655.000000	-50.006584	807	0.000000
281474976710655.000000	-52.998749	808	0.000000
281474976710655.000000	-44.288414	809	0.000000
281474976710655.000000	-38.684193	810	0.000000
281474976710655.000000	-34.537079	811	0.000000
281474976710655.000000	-43.942417	812	0.000000
281474976710655.000000	-40.400059	813	0.000000
281474976710655.000000	-35.668362	814	0.000000
281474976710655.000000	-37.725128	815	0.000000
281474976710655.000000	-43.629139	816	0.000000
281474976710655.000000	-41.978809	817	0.000000
281474976710655.000000	-41.843998	818	0.000000
281474976710655.000000	-38.604797	819	0.000000
281474976710655.000000	-32.905087	820	0.000000
281474976710655.000000	-47.298367	821	0.000000
281474976710655.000000	-33.385220	822	0.000000
281474976710655.000000	-37.524117	823	0.000000
281474976710655.000000	-38.125095	824	0.000000
281474976710655.000000	-43.744335	825	0.000000
281474976710655.000000	-46.150101	826	0.000000
281474976710655.000000	-46.196659	827	0.000000
281474976710655.000000	-33.162582	828	0.000000
281474976710655.000000	-31.049736	829	0.000000
281474976710655.000000	-49.737648	830	0.000000
281474976710655.000000	-47.530186	831	0.000000
281474976710655.000000	-42.677158	832	0.000000
281474976710655.000000	-37.635914	833	0.000000
281474976710655.000000	-34.162476	834	0.000000
281474976710655.000000	-45.456741	835	0.000000
281474976710655.000000	-39.776871	836	0.000000
281474976710655.000000	-36.753319	837	0.000000
281474976710655.000000	-38.037109	838	0.000000
281474976710655.000000	-39.854527	839	0.000000
281474976710655.000000	-32.663876	840	0.000000
281474976710655.000000	-31.849562	841	0.000000
281474976710655.000000	-38.485023	842	0.000000
281474976710655.000000	-31.781273	843	0.000000
281474976710655.000000	-37.996929	844	0.000000
281474976710655.000000	-37.868694	845	0.000000
281474976710655.000000	-33.568459	846	0.000000
281474976710655.000000	-37.642216	847	0.000000
281474976710655.000000	-34.242664	848	0.000000
281474976710655.000000	-33.776852	849	0.000000
281474976710655.000000	-37.830746	850	0.000000
281474976710655.000000	-41.646996	851	0.000000
281474976710655.000000	-47.397701	852	0.000000
